id	npc_id	npc_level	affiliated_area_id	loc_x	loc_y	loc_z	raid_desc
1	29001	40	30	-21610.00000000	181594.00000000	-5734.00000000	a,
2	29006	50	1	17726.00000000	108915.00000000	-6480.00000000	a,
3	29014	50	67	55024.00000000	17368.00000000	-5412.00000000	a,
4	29066	79	16	185708.00000000	114298.00000000	-8221.00000000	a,
5	29067	79	16	185708.00000000	114298.00000000	-8221.00000000	a,
6	29068	79	16	185708.00000000	114298.00000000	-8221.00000000	a,
7	29020	75	97	114830.00000000	16247.00000000	10080.00000000	a,
8	29022	60	16	55312.00000000	219168.00000000	-3223.00000000	a,
9	29028	85	180	213896.00000000	-115436.00000000	-1644.00000000	a,
10	29047	80	180	174238.00000000	-89792.00000000	-5002.00000000	a,
11	25001	23	30	-54416.00000000	146480.00000000	-2887.00000000	u,在亞丁- 格勒西亞戰爭時揚名的鼠人傭兵團勇士。現在是滯留於亞丁王國的殘存者 - 格勒西亞鼠人傭兵團的指揮官。帶領著留在古魯丁的手下們，期待能回到故鄉。\0
12	25004	30	30	-94208.00000000	100240.00000000	-3520.00000000	u,粗暴、瘋狂，彷彿不顧性命的土瑞克部族傭兵隊指揮官。雖說是傭兵隊，但他們總是站在與精靈和黑暗精靈敵對的一方。\0
13	25007	42	97	124240.00000000	75376.00000000	-2800.00000000	u,在巴列斯被封印之前，曾棲息在現今荒原地區的蜘蛛。當巴列斯被封印之後，因魔力污染荒原而使得螞蟻的勢力驟增，被迫遷徙到現在這個地方。如今為了打倒螞蟻，正默默的培養勢力等待復仇的時機。\0
14	25010	55	97	113920.00000000	52960.00000000	-3735.00000000	u,住在古魯丁南部，安特提米提藍喜愛此地的樹林及自然環境。與巴列斯戰爭使他失去了他的住處(美麗的森林及朋友)。也因那時所受到的打擊而沉溺於報仇和憎恨中，長久與人類和魔法師們為敵。\0
15	25013	50	97	169744.00000000	11920.00000000	-2732.00000000	u,為了抵抗殘忍的領主「亞席頓」的暴政，所組成的農民叛軍領袖之一。後來被亞席頓的討伐軍逮捕並遭受殘忍酷刑。為了要報復亞席頓，他與惡魔結下契約而再次復活。雖曾有崇高理想，但是因對貴族的憎恨而使他成為怪物，帶著邪惡的魔法力量。\0
16	25016	60	121	76787.00000000	245775.00000000	-10376.00000000	u,家族世代傳承保護伊娃的因納得立城主，為了守護水中庭園而製造的機械高崙。據說是由世界上手藝最好的矮人工匠所打造。是為了保護水中庭園不受水龍法利昂的勢力與入侵者威脅的守護者。本來尚有1號機和2號機，但是最後只剩下改良型的3號機。\0
17	25019	25	1	7376.00000000	169376.00000000	-3600.00000000	u,曾是保護古代精靈森林的守護者，同時也是精靈的老友「潘」。在精靈和黑暗精靈宿命的戰爭裡堅持維持中立，結果成為雙方都不歡迎的對象。其他的潘都無法承受精靈們的歧視而離開，只有柴特一人留下，期待和平的來到。\0
18	25020	34	16	90384.00000000	125568.00000000	-2128.00000000	u,具有傑出的才能且獨一無二的獸人黑魔法師。雖然曾被稱為布賴卡部族的希望，但被陰謀陷害而遭到驅逐；為了報復驅逐他的人而默默的儲備力量。他能使用從黑暗精靈那裡學來的召喚術召喚強力的使魔。\0
19	25023	34	1	27280.00000000	101744.00000000	-3696.00000000	u,群聚在克魯瑪沼澤的沼澤司塔卡拓們的殘暴女王。以不分敵我殘忍且毫不留情而聞名。只要是違背自己命令的人，不論子女或部下都會除滅。抱持著建立沼澤司塔卡拓王國的強烈野心。\0
20	25026	49	67	92976.00000000	7920.00000000	-3914.00000000	u,在艾爾摩王國的高達特領地，建造基地的強悍獸人部族「肯特拉」的先鋒隊指揮官。為了拓展勢力而被派遣到亞丁王國南部。非常憎恨人類以及賽勒諾斯一族，堅信肯特拉獸人是最優秀的種族。\0
21	25029	53	16	54941.00000000	206705.00000000	-3728.00000000	u,強力眼怪的變種。有的人說那是眼怪的最終進化型態。具有超高智能以及強烈的自尊心。雖然避開眼怪之父「亞爾古斯之眼」而逃到南方，但他抱持著繼承亞爾古斯之力的野心。他堅信吃下其他智慧生命體的腦會使自己變得更加強大。\0
22	25032	58	121	88532.00000000	245798.00000000	-10376.00000000	u,看守女神伊娃的休息地「水中庭園」的忠實守護者。雖然女神已經很久沒有回到水中庭園，但他仍然留在此地警戒，防範打擾女神休息聖地的入侵者們。\0
23	25035	70	97	180968.00000000	12035.00000000	-2720.00000000	u,死亡女神「席琳」的使者，他的任務是將地上的冤魂聚在一起，帶回席琳所在的地下世界。對席琳有著絕對的忠誠，因為想在女神的身邊服侍，所以就住在席琳封印的附近。全心等待女王復活的那一天，努力不懈執行任務。\0
24	25038	28	30	-57360.00000000	186272.00000000	-4967.00000000	u,騎士巴立恩的手下，因惡魔柯爾能的魔法得而到惡魔的肉體。他藐視把自己變成惡魔的卡勒特將軍與他以前效忠的長官巴立恩，默默的醞釀對於他們的憎恨。但他卻不知道這份憎惡，正是柯爾能的陰謀。\0
25	25041	35	1	10416.00000000	126880.00000000	-3676.00000000	u,受到惡魔拉何支配的沼澤司塔卡拓之王。直接受到拉何的精神支配，正為他訓練司塔卡拓部隊。居住在克魯瑪沼澤的司塔卡拓女王「潔魯娜」是他的勁敵。\0
26	25044	47	97	107792.00000000	27728.00000000	-3488.00000000	u,奉卡勒特將軍之命，正在調查傲慢之塔，是調查隊指揮官的艾爾摩亞丁騎士。和將軍一樣擁有不死之身。是將軍卡勒特的左右手，只要將軍一聲令下，即使是地獄也勇往直前的勇猛騎士。從惡魔拉何那裡得到神祕的力量，並且因拉何的警告，正監視著參與調查隊的提拉克。\0
27	25047	49	97	116352.00000000	27648.00000000	-3319.00000000	u,和惡魔柯爾能簽訂契約，擁有不死之身的艾爾摩亞丁將軍。因他耿直的個性反對建造傲慢之塔，所以僥倖躲過了殷海薩的憤怒。但卻因失去君主和國家的失落感而感到痛苦，他藐視背叛君主而建立新王國的現代人。他的宿願是以一個忠臣的身分，重新拜見皇帝而輔佐他。\0
28	25050	51	97	125520.00000000	27216.00000000	-3632.00000000	u,惡魔柯爾能的心腹，具有強大的力量與巨大的身軀，是個能以力量壓制敵人的戰鬥型惡魔。現在奉柯爾能之命，正在調查傲慢之塔內部的情形。因為是戰鬥型惡魔，所以想法也很單純，他認為若自己的上司柯爾能飛黃騰達，自己的地位也會隨之提升。\0
29	25051	65	97	117760.00000000	-9072.00000000	-3264.00000000	u,死亡之王哈勒特的參謀，美麗與智慧兼備。目前是管理傲慢之塔的上級惡魔「柯爾能」的手下。身為哈勒特心腹與戀人的她，察覺到柯爾能背叛的徵兆後，小心翼翼的監視著柯爾能。\0
30	25054	75	97	113230.00000000	16247.00000000	3960.00000000	u,身為死亡之王哈勒特的手下，正在收集隱藏在傲慢之塔中的祕密。因哈勒特與巴溫戰鬥後耗盡力量，而覬覦死亡之王的地位。為了利用艾爾摩亞丁將軍「卡勒特」，而和他簽訂契約。\0
31	25057	45	121	107056.00000000	168176.00000000	-3456.00000000	u,因太過傑出遭受忌妒而被封印的艾爾摩亞丁天才魔法師「瑟魯頓」的寵物。不愧是瑟魯頓的寵物，具有優異的智能但卻又個性頑劣，率領著一群部下佔據著鄉間小路。\0
32	25060	24	30	-60428.00000000	188264.00000000	-4512.00000000	u,因受到魔法師詛咒而變成魅魔的苦命女子。曾愛上古魯丁瓦爾德世族的王子，但被黑魔法師欺騙而殺人後，受到詛咒變成了魅魔。如今靠著吸取古魯丁旅人的精氣生活。\0
33	25063	35	30	-91024.00000000	116304.00000000	-3466.00000000	u,因勇猛和智慧，而被下級獸人們稱頌為偉大靈魂的土瑞克獸人。隱居在土瑞克獸人兵營的角落，對渴望從他那裡獲得高見的人給予指教。雖然性情溫和，但是如果有人侵略兵營，他會毫不猶豫證明自己的勇猛。\0
34	25064	40	67	96891.00000000	93825.00000000	-3720.00000000	u,具有傑出洞察力與智慧，統治德魯蜥蜴人的蜥蜴人魔法師。據說曾受到哈汀親自指導。一開始曾經考慮過與人類和平共存，但是不管他們再怎麼努力，人類仍然盲目的敵視他們，讓他感到非常憤怒。現在竟然成為將入侵部族領土者格殺勿論的野蠻人。\0
35	25067	52	67	94992.00000000	-23168.00000000	-2176.00000000	u,奧耶豺狼組織裡「紅色旗幟團」的首領，為了佔據山賊城寨而虎視眈眈。以身為奧耶豺狼為榮，雖然聰明、豪邁又勇猛，但是因太年輕所以勢力相對較弱，目前還在努力的培養力量。曾誇口在自己佔據城寨的那日，就會建立豺狼的王國。\0
36	25070	55	97	125600.00000000	50100.00000000	-3600.00000000	u,奉妖精谷女王「提米妮爾」之命，保衛外圍地區的安特提米提藍守護者。憎恨破壞樹林的入侵者，對違反森林法則的人絕不寬恕。利用從提米妮爾女王那裡得到的力量，召喚精靈與獨角獸一起守護妖精谷。\0
37	25073	69	16	143265.00000000	110044.00000000	-3944.00000000	u,地龍安塔瑞斯的創造物。它從創造者那裡接到守護龍穴的任務，並清除騷擾地龍安眠的不速之客。因身體染上了入侵者的血而變成鮮紅色，所以又被稱為血腥祭司 茹德圖。\0
38	25076	25	30	-60976.00000000	127552.00000000	-2960.00000000	u,因邪惡黑魔法師「比傑伊」的詛咒而變為巨大蛤蟆的厄運公主，是統一王拉烏爾的女兒。美貌傳遍全王國的摩拉公主，以及思慕她卻無法擁有她的黑魔法師比傑伊的詛咒，至今還是常被提起的故事。\0
39	25079	30	1	53712.00000000	102656.00000000	-1072.00000000	u,在古魯丁最有名的盜賊隊長。自從他宣稱將偷竊世上最美、永恆不變、最有價值的東西之後，正在努力偷取國色天香的女子─坡西亞的心。具有強烈的浪漫家氣質，個性豪邁。\0
40	25082	39	16	88512.00000000	140576.00000000	-3483.00000000	u,由被主人拋棄的使魔所組成的貓盜賊團頭目。據說他們總是看著從海裡剛抓來的鮮魚而大流口水，所以漁夫和漁商公會祭出巨額的懸賞金。有很多的賞金獵人們出來想抓貓盜賊團，但是因他們可愛而不忍心殺死他們，結果都放棄了懸賞金。\0
41	25085	44	67	66944.00000000	67504.00000000	-3704.00000000	u,泰可獸人搜索隊長，為追查殺死伙伴的逃兵貝克而下山。在同族之間他總是被視為追捕逃犯的無賴與垃圾，但他本人認為自己是為同族貢獻的關鍵人物，並引以為傲。\0
42	25088	43	67	90848.00000000	16368.00000000	-5296.00000000	u,黑色鐵砧公會急切尋找的最新型機械高崙。因參加製作的一名工匠不小心裝入不良的零件，而引發了機械故障失控，將工房的一半摧毀並輾過試圖阻止它的矮人工匠們，竄逃到村莊外。現今正在森林遊蕩，攻擊路過的旅人。\0
43	25089	59	97	165424.00000000	93776.00000000	-2992.00000000	u,因邪惡魔法師的實驗而被奪走靈魂，只剩軀殼而變成殺戮機器的野獸。奪走他靈魂的魔法師最後也被野豬攻擊而死。目前在尋找著能讓自己靈魂安息的強者。\0
44	25092	70	97	114830.00000000	17847.00000000	1944.00000000	u,被驅逐的賽勒諾斯族領導者。是巴溫的狂信者，希望讓巴溫復活之後藉由皇帝的力量，將現在掌握大陸局勢的其他種族趕盡殺絕。他因為激進的主張而被同族驅逐，但並未放棄自己的想法，依然和追隨者們在傲慢之塔附近，計畫使巴溫復活。\0
45	25095	29	30	-37856.00000000	198128.00000000	-2672.00000000	u,喜愛森林、自然和動物的精靈幽靈。因許多戰爭而被摧殘的自然，且看到可愛無辜的動物們因無意義的戰爭而死去，感受到深刻悲傷的他，為動物挺身而出，但卻被殺害而變成了幽靈。他受到愛戴他的大野豬們保護，並警戒著可能會再度侵略的外來者們。\0
46	25098	35	16	123536.00000000	133504.00000000	-3584.00000000	u,為了阻止惡魔巴列斯，而從象牙塔派來的元素使賽查的召喚使魔。賽查為了封印巴列斯而施展了強力的黑魔法，但卻因反噬作用身亡。賽查殘存的召喚使魔中，只有闇影沒有消失，竟被巴列斯和象牙塔的黑魔法污染後與荒原融合在一起。雖覺得主人死的很冤枉，但對其他的魔法師卻表現出很強的敵意。\0
47	25099	44	67	64048.00000000	16048.00000000	-3536.00000000	u,吸收孢子之海的毒而成長的怪植物。跟隨著孢子之海的統治者「奧爾芬」。奧爾芬賦予他屠殺入侵者的任務。有很多為了確認結界是否成功阻止孢子擴張而來到此地的象牙塔的魔法師們，都因而喪命。\0
48	25102	45	97	113840.00000000	84256.00000000	-2480.00000000	u,因象牙塔魔法師們的實驗而犧牲的賽勒諾斯。因實驗而得到超自然的力量，但外表變型再也無法回到同族身邊的夏可蘭，隱居在歐瑞領地山路險峻且人影稀少的南部峽谷中。不喜歡讓別人看到自己的模樣，對於無法回到同族身邊而感到痛苦，憎恨害自己變成如此的象牙塔魔法師們。\0
49	25103	55	97	135872.00000000	94592.00000000	-3735.00000000	u,受到蜥蜴人尊敬的高強咒術士，現在隱居在草原某個角落。從古代存活至今的蜥蜴人，對於自己的領土被人類侵犯而感到憤怒，對於其他種族敵視著嚮往和平的蜥蜴人一事，感到非常討厭。\0
50	25106	60	97	173880.00000000	-11412.00000000	-2880.00000000	u,本來是村莊裡的半獸人巫醫，但目睹艾爾摩侵略軍在井裡下毒，卻因被恐嚇而沒有制止這件事。眼看著村莊的居民一個個的死去，才覺悟自己所犯下的過錯而發瘋。至今還在詛咒的井邊出沒，且將靠近的人全都當成艾摩爾軍人並加以攻擊。\0
51	25109	74	16	152660.00000000	110387.00000000	-5520.00000000	u,供奉安塔瑞斯進貢活人的邪教巫女。親手使用黑魔法之後，得到了強力的魔物軀體，而且利用自己的使魔來攻擊妨礙安塔瑞斯安眠的入侵者。經過長久歲月，因反反覆覆的殺戮生活，現在已成為真正的魔物，喜歡享用流著溫血的人類心臟。\0
52	25112	30	16	116128.00000000	139392.00000000	-3640.00000000	u,來自惡魔島崇拜巴列斯的邪惡異教徒。在古魯丁領地引起恐怖和暴力而造成混亂，並企圖讓背叛與不安逐漸成長，而這種恐怖正是惡魔力量的泉源。最近在古魯丁發生的連續殺人案、強盜、放火等都是梅亞拿的傑作。\0
53	25115	40	121	125789.00000000	207644.00000000	-3752.00000000	u,哈汀的學生中充滿好奇心、喜歡搗蛋的伊克魯斯在實驗過程中做出的生物。目前為了試驗生物體的行動以及反應，伊克魯斯故意將它放走，但它對周圍而言簡直就是個禍害。\0
54	25118	35	1	50896.00000000	146576.00000000	-3645.00000000	u,在農民叛亂期間，負責管理刑場並處死許多無辜農民的死刑執行官。當時受到城主亞席頓公爵的命令，連對來收屍的人們也趕盡殺絕，但在中途卻反被殺害。死亡後因生前所犯下的罪，而受到永遠不得安息的詛咒，在刑場附近陰魂不散。\0
55	25119	50	97	121872.00000000	64032.00000000	-3536.00000000	u,妖精女王提米妮爾為了對付入侵妖精領土的人們，因而派到亞丁的使者。是護衛妖精女王的強悍戰士之一，卓越勇猛而且具有對任何事情都不畏懼的勇氣。\0
56	25122	56	67	86290.00000000	-8232.00000000	-3032.00000000	u,格勒西亞奧耶豺狼的大貴族，在亞丁格勒西亞之戰敗戰後無法回到祖國。戰爭時期率領部隊到克魯瑪高塔探索時於途中失蹤，在偶然的機會下，在塔內收了幾個下巨人為手下。從塔裡辛苦的逃脫後，發現戰爭已經結束，留下的只有幾個部下和他脖子上的巨額懸賞金。現在正為了生存而嘗試逃往艾爾摩王國。\0
57	25125	65	97	170656.00000000	85184.00000000	-2000.00000000	u,統治昂赫瀑布的傳說巨虎。本來在天上是為天使帶路的高貴神獸，但是後來咬死主人後逃到了地上。現在藏身於昂赫瀑布生活。因地位驟降以及對悲慘的狀況感到絕望，漸漸的變得狂暴，常抓路過的旅人與不怕死的冒險家們來吃。\0
58	25126	79	97	114830.00000000	14647.00000000	6992.00000000	u,曾是艾爾摩亞丁皇帝「巴溫」手下的四天王之一，現在是死亡之王哈勒特旗下的強悍巨大牛人。為了實現很久以前所做的約定，被束縛在傲慢之塔上層部等待巴溫復活。與天使的首領「懲罰之火 斯萊爾」的戰鬥難分難解，牽制天使和白金族的勢力。\0
59	25127	24	30	-47552.00000000	219232.00000000	-2413.00000000	u,透過死靈畢佛隆得到強大力量的朗克蜥蜴人女族長。利用死靈與咒術得到強大力量的她，依照畢佛隆的旨意，屠殺行經南部道路的祭司與自稱為神之使徒的人們，最近趁著古魯丁領地的混亂，釋出全力將部族的勢力擴張到北方。\0
60	25128	33	1	17696.00000000	179056.00000000	-3520.00000000	u,領導普庫獸人的大祭司長，比族長德里有更大的權勢，被普庫獸人敬仰有如神一般的存在。充滿遺憾的看著流浪在人類世界遭到歧視的同族，設法想引導部族回到北方「半獸人」的土地。\0
61	25131	50	67	75488.00000000	-9360.00000000	-2720.00000000	u,被稱為「殺戮王」，出身格勒西亞傭兵團的隊長。是血腥君主奴爾卡的強敵同時也是夥伴，得到許多鼠人的信賴。因擅於外交而與大貴族及高級官僚都有交情。就像那些貴族利用豺狼族的他一樣，他也計畫利用他們返回故鄉「格勒西亞」。\0
62	25134	40	67	87536.00000000	75872.00000000	-3591.00000000	u,在過去的數十年間帶領里多蜥蜴人的老族長。雖然年紀很大，但是靠超強體力、靈活機智存活了下來。他領悟到正面攻擊強大的亞丁王國是無法奪回自己的故鄉，因而正在等待試探機會。利用王國正面臨的混亂，想奪回里多蜥蜴人的領土。\0
63	25137	55	16	125280.00000000	102576.00000000	-3305.00000000	u,以力量為條件與惡魔巴列斯簽契約的女人。在巴列斯的指導下，得到了強大的魔法力。尋找在古魯丁南部荒原地下，隱藏在某處的巴列斯遺跡，準備舉行讓巴列斯復活的祕密儀式。\0
65	25143	78	97	116430.00000000	14647.00000000	6992.00000000	u,討伐巴溫而使傲慢之塔倒塌的天使先鋒隊長。以阻擋惡魔進軍傲慢之塔上層而言，他確實功不可沒。至今還領導白金族凱爾豺狼，與圍繞在傲慢之塔封印的惡魔們展開永無止境戰爭。他所揮動的審判之劍是毫無猶豫、無憐憫、無慈悲的，所以被稱為懲罰之火。\0
66	25146	21	30	-13056.00000000	215680.00000000	-3760.00000000	u,古魯丁南部地區，朗克蜥蜴人供奉似神的惡靈。具有蛇的形象，是數百年來統治蜥蜴人精神的惡魔。憎恨自己受到詛咒的軀體以及創造出此身體的神，在地上一看到神的使者就想趕盡殺絕，非常凶暴。帶領朗克蜥蜴人，懷著總有一天將毀壞整個古魯丁的野心。\0
67	25149	25	30	-12656.00000000	138176.00000000	-3584.00000000	u,在格勒西亞戰爭發生之前，統治著現今被稱為「悲哀廢墟」這個和平村莊的騎士。生前被稱為格林戴爾的他，在與格勒西亞軍戰敗後，成為俘虜受到酷刑而死亡。但躲藏在村莊內巴列斯的手下們，卻將他的屍體復活，並讓他的靈魂墮落。過去曾為村民犧牲奉獻的聖潔騎士從此消逝，只留下想把自己的痛苦轉移給其他生物的惡魔，虛無的流浪在悲哀廢墟之中。\0
68	25152	35	1	43872.00000000	123968.00000000	-2928.00000000	u,因半獸人巫醫王賽魯的召喚失誤所召喚出的下級惡魔。被強制召喚因此不知如何回到原本的世界，將自己藏匿起來，攻擊路過的旅行者，並收集靈魂用來培養自己回去的力量。\0
69	25155	40	67	73520.00000000	66912.00000000	-3728.00000000	u,曾統治賽魯半獸人的瘋狂族長。他原本有些魔法實力，但因太過相信自己的能力竟自稱為半獸人巫醫王，做出一些危險的咒術實驗，途中因召喚術失敗而導致心神喪失。背棄部族和故鄉，率領發狂的手下們到處流浪，見到旅行者就加以攻擊殺害。\0
70	25158	48	67	77104.00000000	5408.00000000	-3088.00000000	u,因為無法忍受「人類所無法得知的魔法知識」，竟一個人跑去找地龍安塔瑞斯，想要學習龍族魔法的愚蠢之人。安塔瑞斯因他妨礙自己的睡眠將他變為怪物。因為自己變得很醜陋，所以憎恨一切美麗的事物，雖然他不斷詛咒安塔瑞斯，但是卻因深怕地龍而躲藏起來。\0
71	25159	54	97	124984.00000000	43200.00000000	-3625.00000000	u,自從殷海薩對下巨人的憤怒，因而一舉終結神話時代開始，失去巢穴徬徨的獨角獸。為了尋找失去的故鄉而流浪著。在流浪生活中，成為失去夥伴而孤立的獨角獸首領。到現在依舊迫切尋找自己的夥伴，但與夥伴已分離數百年的時光，在那孤獨下無法適應這人類的世界。\0
73	25163	70	97	130500.00000000	59098.00000000	3584.00000000	u,從古代以來，保衛亞丁領地的守護者，但因一個被金錢矇蔽的獵人，竟失去了最愛的孩子，而化身為復仇惡魔的飛龍。離開原本居住的龍之谷，而來到亞丁城周邊的領地流浪，殺害了很多平民，甚至為了平息他的憤怒而前來的祭司也被殺害，成為亞丁居民的惡夢。最後因國王的命令，過去牠所做的善事都從歷史上被消除，現在只被人稱呼為亞丁的災禍。\0
74	25166	25	30	-21800.00000000	152000.00000000	-2900.00000000	u,邪惡的死靈法師依照自己的意念所做的黑暗創造物。據說他和月亮有密切的關係，象牙塔魔法師們為了掌握真相，好幾次派遣調查團前往調查，但是都屈服於伊昆帝的邪惡力量之下，墮落之後放棄了調查任務。\0
75	25169	30	30	-54464.00000000	170288.00000000	-3136.00000000	u,在戰爭途中失蹤的血腥君主奴爾卡的心腹，是身經百戰的老將。身為自尊心很強的奧耶豺狼，看不起下等豺狼族甚至還迫害下等豺狼。就因為這個缺點，他雖然有優異的戰果，卻不像奴爾卡一樣受到尊敬。根據傳聞，他和奴爾卡一起計畫著其他陰謀，但是沒有人知道詳情。\0
76	25170	38	1	26064.00000000	121808.00000000	-3738.00000000	u,為了解開克魯瑪高塔的祕密而徘徊的蜥蜴人傭兵隊長。聽到路過的吟遊詩人所唱，有關克魯瑪高塔七個祕密的歌曲，抱持著得到其中第三個祕密「古代兵器」，妄想成為王之騎士的野心。因象牙塔的守門人說無法讓蜥蜴人一族進入塔內而拒絕為他傳送，所以至今他尚未能進入塔內，只能在塔的周圍徘徊。\0
77	25173	45	16	75968.00000000	110784.00000000	-2512.00000000	u,勇敢又偉大的獸王。雖然有著野獸的外表，但因具有無法輕忽的神聖與勇猛，得以將賽勒諾斯收服為自己的手下。本來是席琳創造的魔物之一，但是隨著時間的流逝逐漸累積智慧，不再憎恨諸神，而想以獸王的身份努力充實自己。特別在賽勒諾斯一族中，挑選咒術士做為自己的手下。\0
78	25176	55	16	92544.00000000	115232.00000000	-3200.00000000	u,受寵於安塔瑞斯而得到地龍之力的夢魔。雖然不清楚她何以如此受寵於安塔瑞斯，但她的確具有將來訪龍之谷的冒險家們引入死亡的致命魅力。\0
79	25179	60	97	167152.00000000	53120.00000000	-4148.00000000	u,克拉奇的另一個部下。與克拉奇相同，負責保護巨人神像，但卻不認為那是神聖的任務。據消息指出，他相信巨人神像能將不完整的巨人身體復原的傳說，而且聽說他得到克拉奇的信任而保護巨人神像的原因，是因為他心懷著得到完整軀體與力量的野心。\0
80	25182	59	16	41966.00000000	215417.00000000	-3728.00000000	u,住在惡魔島的惡魔巴列斯部下。巴列斯隱匿後，他也停止活動，進入一段很長的休眠期。海盜們佔領惡魔島後四處喧鬧，使得他從夢中醒來。後悔沒有在札肯成為不死身前將惡魔島上的海盜殺光。等待著他的主人巴列斯再次出現下達命令。\0
81	25185	35	121	99732.00000000	204331.00000000	-3784.00000000	u,住在因納得立平原的蜥蜴人隊長。供奉水龍法利昂的塔沙巴蜥蜴人，聽從水龍的命令，居住在平原守護著神聖的水之地。感嘆這世界已經成為人類的天下，不斷思念著過去。每當月圓的時候，會向水龍獻上神聖的祭禮。\0
82	25188	30	121	127076.00000000	214973.00000000	-3100.00000000	u,在席琳的痛苦下誕生的魔物之一，是住在因納得立領地的怪獸。聲稱代替席琳的水之神「伊娃」是假的，直到現在還深信席琳才是真正的水之神。偷偷進入傳遍伊娃信仰的因納得立，讓信仰水之女神的信徒感到混淆，並威脅伊娃的信徒們。\0
83	25189	34	121	127837.00000000	200661.00000000	-3792.00000000	u,住在獵人村莊「賢者克洛諾斯」的使魔。 為了尋找製造快樂靈藥的材料，而被克洛諾斯派來因納得立。高興的環遊世界而忘了自己為什麼來到這裡的穆木，因為害怕被克洛諾斯斥罵而不敢回去。\0
84	25192	43	121	125920.00000000	190208.00000000	-3291.00000000	u,自古以來守護因納得立領地的可羅津。在人類和精靈來到因納得立以前，就早已居住於此的原住民，他相信因納得立領地擁有與其他地方不同的神聖力量。看著遽增的人類，他決心要守護這片祖先所留下的土地。\0
85	25198	70	121	102656.00000000	157424.00000000	-3735.00000000	u,繼承水龍法利昂之血的飛龍，是傳達法利昂旨意的使者。有時向蜥蜴人和可羅津傳達法利昂的話語，不過法利昂對這兩個懦弱的種族不感興趣，所以實際上洛克尼斯會直接統治他們。特別輕視比自己弱的生命。\0
86	25199	72	121	108096.00000000	157408.00000000	-3688.00000000	u,皮魯德蜥蜴人的大祭司長，是法利昂的狂信者。是個強大的咒術士，相信總有一天水龍法利昂會帶給蜥蜴人榮耀的日子，不過實際上法利昂對此一點興趣也沒有。\0
87	25202	74	121	119760.00000000	157392.00000000	-3744.00000000	u,住在鱷魚島，以及所有因納得利領土的可羅津之王。自稱為帕迪夏，且率領直屬的高級保鏢。因跟隨水龍的可羅津們很多所以感到不滿，但是不敢向法利昂挑戰。\0
88	25205	76	121	123808.00000000	153408.00000000	-3671.00000000	u,為了監視水龍法利昂的舉動，而降臨的殷海薩使者。在天上的戰爭中因為法利昂失去了很多夥伴，所以在憎恨法利昂。但被神下令禁止攻擊法利昂，因而無法直接行動。\0
89	25208	40	121	109801.00000000	213314.00000000	-3924.00000000	u,在女神席琳的絕望、憤怒、詛咒下所誕生的魔物。在神話時代站在女神席琳這一邊，參與諸神間的戰鬥，但因戰鬥中受了重傷，而在水龍法利昂的保護下隱居起來。最近為了繁殖才露面。是法利昂的手下，並等待著席琳與魔物們重新統治世界的那天到來。\0
90	25211	36	121	113456.00000000	198118.00000000	-3689.00000000	u,統治鱷魚島的可羅津族長。在人類和精靈來到因納得立以前，就住在這裡的原住民，他為了保護領土與同族而憎恨著外來者。雖然他也不喜歡和飛蛇一族的「阿特卡」一同居住，但是因為害怕水龍法利昂，所以無法採取任何行動。深信總有一天可以藉著自己的力量，使可羅津再度統治因納得立。\0
91	25214	40	121	111582.00000000	209341.00000000	-3687.00000000	u,水龍法利昂的部下，在太初的諸神之戰被稱為颱風席卡，是個擊敗很多神之使徒的魔物。他是卓越的戰士，同時也是一個很風趣的人。現在受法利昂的命令，環遊世界並傳頌他的故事。\0
92	25217	50	16	89904.00000000	105712.00000000	-3292.00000000	u,自出生就擁有美貌的富貴千金，但由於她太過驕傲，引起了殷海薩的憤怒而被變為梅杜莎。她無法正視自己醜陋的外貌與失落的過去，於是遷怒於周圍的人，成為了一個殘暴的怪獸。對她念念不忘的未婚夫前來找她，卻被她石化後弄得粉碎，現在的她早已不是從前那美麗的女孩，只不過是一隻恐怖的怪獸罷了。\0
93	25220	73	97	116430.00000000	16247.00000000	-2120.00000000	u,為了佔領傲慢之塔而努力的惡魔首領。為了得到藏在傲慢之塔內的祕密知識，進一步想把它做為擴張惡魔勢力的跳板，虎視眈眈的尋找攻擊傲慢之塔的機會。因為解除傲慢之塔的封印而消耗太多力量，現在只殘餘些許的力量。由於殷海薩命令天使與白金族守護傲慢之塔，因此哈勒特與神的軍隊處於敵對的形勢。率領著三個忠實的部下「柯爾能、拉何、拜勒法」。\0
94	25223	35	1	43152.00000000	152352.00000000	-2848.00000000	u,狄恩農民叛亂時領主所雇用的傭兵，但陷入了圈套，以為將靈魂收集後獻給席琳就能在死後得到永生，因而殺害了無數的無辜農民。甚至於連領主亞席頓公爵對他的暴行都感到厭惡，而把他逮捕起來並將處死。雖然他死了，但想獲得永生的怨念卻留了下來，復活成為不死生物。現在經常於狄恩城附近遊蕩，屠殺善良無辜的老百姓。\0
95	25226	62	67	104240.00000000	-3664.00000000	-3392.00000000	u,曾經是坐擁山賊城寨的奧耶豺狼君主。對於一連串的鬥爭感到厭惡，現在帶領旗下的祭司長和軍長來到城寨外面，觀望城寨的爭奪戰。\0
96	25229	75	97	137568.00000000	-19488.00000000	-3552.00000000	u,風龍--林德拜爾的手下。在龍和諸神的戰爭中，因受到重傷而躲在森林深處裡沉睡著。最近牠感受到從傲慢之塔散發出來的席琳之力而甦醒。牠比一般的飛龍小一點，但因為牠的移動速度相當快，所以有時會被誤認為風龍。\0
97	25230	57	67	66672.00000000	46704.00000000	-3920.00000000	u,年輕時領導提瑪克獸人，成立現今提瑪克前哨基地的英雄。靠著圖騰的力量，擁有比一般的提瑪克獸人更長的壽命，並且擔任所有提瑪克獸人的首領。\0
98	25233	69	97	185800.00000000	-26500.00000000	-2000.00000000	u,在艾爾摩和亞丁戰爭時，擔任毀壞的城堡司令官。他在戰爭中犯下大錯，讓來訪的艾爾摩朋友進入城堡內，結果因為那朋友在井裡下毒，使他失去了城堡和人民，無法解除遭受背叛的憤怒，死後冤魂仍在毀壞的城堡附近遊蕩。\0
99	25234	60	16	120080.00000000	111248.00000000	-3047.00000000	u,奇異飛龍的首領。他是個最古老的奇異飛龍，而且一直都讓眾多的獵人遭受挫折。如果說獵人村莊的歷史是由獵人和他之間的戰鬥所編織而成的，那麼這種說法一點也不誇張。他曾和成千上萬的獵人對戰過並擊敗了他們，因此憎恨所有的獵人。\0
100	25235	72	180	116400.00000000	-62528.00000000	-3264.00000000	u,巴諾爾賽勒諾斯族的族長。亞丁城東部「榮耀的平原」的主人。在統一王拉烏爾時代，他和人類簽訂和平條約，喜歡田園式的生活，但到了戰亂的時代，他拿起刀刃，聚集巴諾爾勒諾斯族準備作戰。他們民族性愛好和平而討厭戰鬥，是不會侵害周圍其他生命的善良一族，但是卻有傳聞指出，統一王拉烏爾會急於提出簽署和平條約，是因為害怕坎德拉超群的劍術實力。\0
101	25238	59	97	155000.00000000	85400.00000000	-3200.00000000	u,看守鏡之森林東南方河邊的龍。本來是鏡之森林的亡靈，但懇求咒術士伊索後，被復活而成為了龍。受到伊索的命令，不允許任何外來者入侵蜥蜴人的領土，一分一秒從未懈怠過。\0
102	25241	55	97	165984.00000000	88048.00000000	-2384.00000000	u,哈里特蜥蜴人最偉大的戰士。擁有沉默寡言、剛毅堅強的性格，只要是他負責的任務，他會絕不放棄而堅持到底，是個完美主義者。身負守護聖地的職責，保衛著哈里特蜥蜴人的聖地「昂赫瀑布」，擊退了許多的怪物和惡魔們。\0
103	25244	75	97	171880.00000000	54868.00000000	-5992.00000000	u,在巨人洞穴裡被發現的「退化的下巨人」。然而因為他擁有超強的戰鬥能力，學者們懷疑他並非退化的下巨人，而是真正的下巨人，所以將他取名為下巨人歐克斯。\0
104	25245	78	97	188809.00000000	47780.00000000	-5968.00000000	u,在巨人洞穴的深處，保護巨人聖物「巨人神像」的人。那個神像到底具有何種意義，為什麼讓他抱著必死的決心保護神像，至今仍無法得知真正的原因。\0
105	25248	72	97	127903.00000000	-13399.00000000	-3720.00000000	u,在古戰場上遊蕩的不死生物們的統帥。過去他曾率領被稱為「死亡之刃」的部隊，屠殺一切可見的敵軍。因為貴族們害怕他的瘋狂性格，使得他遭到彈劾而被貶職，之後在某次戰役中，他和他的部隊被當作誘餌而戰死沙場。然而即使死去，也無法抑制他殺戮的欲望。他使用黑魔法讓自己的部隊復活成為不死生物。現在也因為他的威脅，使國境守衛隊陷入緊張的局面。\0
106	25249	75	97	147104.00000000	-20560.00000000	-3377.00000000	u,在燃燒的沼澤附近出沒的怪異植物。有傳聞指出巴爾塔奴斯是伊波斯的初期失敗作品，自伊波斯從煉獄上來之後，因他的影響力與魔法不及哈勒特，所以無法將高度進化的怪物收為部下。但是向哈勒特提出請求又有損顏面，據說因此創造了型態較為單純的怪物。但若忽視巴爾塔奴斯具有的怪力而小看他的話，可能會有生命危險。\0
107	25252	70	97	192376.00000000	22087.00000000	-3608.00000000	u,保護席琳封印的帕力巴提女王。在諸神的戰爭時，席琳生下的魔物之一，她的權能幾乎能與死亡之王相比。召喚亡者和惡魔，然後把他們當作僕人使喚，就連下級惡魔「魅魔」也能將之當作侍女差遣。根據帕力巴提族的席琳祭司「希瑟雷蒙」所說，提米絲是魔物女王席琳留在這塊土地上的碎片。\0
108	25255	65	97	170048.00000000	-24896.00000000	-3440.00000000	u,聽說是翼魔中最早出生的翼魔「古代翼魔」的首領。在諸神的戰爭時，率領古代翼魔站在席琳的一方，和諸神戰鬥而慘敗，現在藏身於忘卻平原中。等待魔物之母席琳復活，而準備伺機復仇。 \0
109	25256	60	97	170320.00000000	42640.00000000	-4832.00000000	u,為了奪取亞丁城，佔領國立墓地作為前哨基地的泰可獸人大軍長。只率領了少數的精英和補給部隊，企圖速戰速決，但因與事先佔領巢穴的其他怪物有利害關係，因而進退兩難。憎恨著擊退古代半獸人部族而使王國滅亡的人類。 \0
110	25259	55	16	42050.00000000	208107.00000000	-3752.00000000	u,隸屬於大海盜「札肯」的手下，負責把不服從的船員殺掉的處刑者。不可思議的是，在叛亂的時候，殺掉札肯的人也是他。之後因為船長的詛咒而復活成為不死生物，發誓從此再也不違抗船長的命令，現在於海賊隧道裡，保護札肯的寶物。\0
111	25260	45	67	93120.00000000	19440.00000000	-3607.00000000	u,惡魔巴列斯所製造的鋼鐵巨人。擁有自我思考的能力，是為了管理其他高崙而被製造出來的高崙。由於巴列斯改變心意，而將他封印，成為待機狀態。經過了漫長的歲月，他被聚集在他周圍的下級獸人崇拜為偶像，現在他判斷自己為獸人之神，並且依這樣的結論而行動。\0
112	25263	67	97	144400.00000000	-28192.00000000	-1920.00000000	u,居住於傲慢之塔的惡魔「柯爾能」的手下。與燃燒的沼澤大部分的怪物一樣，都是受到哈勒特的力量而成為惡魔，並宣誓對柯爾能效忠。目前為了執行柯爾能的密令而留在燃燒的沼澤，但她從柯爾能那兒接到什麼重要任務，至今仍不為人知。\0
113	25266	75	97	188983.00000000	13647.00000000	-2672.00000000	u,曾經是艾爾摩王國某個貴族的女兒，在戰爭中淪為俘虜，而被活埋的少女。在慢慢死去的恐怖中，引發了強烈的恨意，而召喚出惡魔，簽下了契約。因為那個契約，使她獲得了把被活埋的處女們變成血之女王的力量，並憎恨遺棄她的父母，也憎恨活埋她的人。\0
114	25269	70	180	123504.00000000	-23696.00000000	-3481.00000000	u,在艾爾摩亞丁的黃金時期，為了娛樂皇帝而被抓到大圓形競技場，並等待死亡之日到來的野獸之王。隨著帝國的滅亡，魔法師們因懼怕他的怨念，將他封印在大圓形競技場的地下，但之後因封印力量變弱而趁機逃走了。他巨大手臂所產生出的怪力，不管是什麼樣的岩石都能夠粉碎。把萬獸視為自己的手下。\0
115	25272	28	1	49248.00000000	127792.00000000	-3552.00000000	u,佔據昔日反抗軍根據地，所有豺狼部族的總指揮官。由於傑出的智慧和勇猛，使得他能在基地內指揮其他的豺狼部族。體內流著下巨人時代透過生理改造的指揮官豺狼之血，聽說可以直接對其他豺狼族的精神下達命令。 \0
116	25273	50	1	23800.00000000	119500.00000000	-8976.00000000	u,為了阻止他人入侵克魯瑪高塔，或是為了應付可能會發生的諸神戰爭，而被下巨人製造的戰鬥型高崙。與殘存至今的幾個生命體兵器藏身於克魯瑪高塔的地底下，等待著永遠不會到來的下巨人們，再次對他下達出擊命令。\0
117	25276	75	97	154088.00000000	-14116.00000000	-3736.00000000	u,接受死亡之王「哈勒特」的要求，從煉獄上來人間的恐怖死亡之王。與解除傲慢之塔封印而耗盡大部分力量的哈勒特不同，他在煉獄保存著完整的力量。比起直接行動，他更喜歡透過陰謀和策略引發混亂，現在正於亞丁城附近觀察局勢的變化。似乎和亞丁王國的上層貴族結下了某種關係。\0
118	25277	50	16	54651.00000000	180269.00000000	-4976.00000000	u,曾經決定教導人類魔法，英明的精靈女王。和半獸人戰爭後，因為人類的背叛而遭到謀殺，由於莉莉絲的力量而復活，並且登上地下墓穴支配者的地位。雖然被衝進地下墓穴的亞納擊敗，但隨著七個封印的解除，因封印石之力而重新復活。失去大部分理性，等待即將來到的安息之日，並且為了守住封印石而奮戰。\0
119	25280	55	67	85622.00000000	88766.00000000	-5120.00000000	u,殷海薩不忍看到自己的女兒「亞納」與莉莉恩軍團苦戰，所以派來的鼠人勇士。召喚當時最勇猛的鼠人，讓他穿上含有神力的黃金盔甲。現在可以說是白金族的始祖。屢次在亞納旁邊協助她作戰，但最後還是在異教徒的地下墓穴倒下。後來，隨著七個封印的解開，感受到沉睡在封印石內的殷海薩之力而甦醒。\0
120	25281	70	97	151053.00000000	88124.00000000	-5424.00000000	u,瑪麗黎恩預測那芙琳軍團即將來襲，於是向席琳祈禱而召喚出的血之王首領。擊退了無數的那芙琳，帶給光明軍勢很大的打擊。結果被親自率領那芙琳出征的亞納擊退，最後逃到了古代公墓裡。\0
121	25282	75	97	179311.00000000	-7632.00000000	-4896.00000000	u,接受死亡之王「哈勒特」的要求，從煉獄來到人間的死亡之王。哈勒特為了解除傲慢之塔封印而耗盡了大部分的力量，但他與哈勒特不同，他在煉獄儲備了完整的力量。而且，他與死亡之王「伊波斯」也不同，他不但不和人類締結同盟，而且也不聽從哈勒特的指揮，喜歡獨自行動。\0
122	25283	80	97	184410.00000000	-10111.00000000	-5488.00000000	u,被稱為深淵的聖母，等待席琳復活的古代公墓之主。曾是侍奉水之女神「席琳」的上巨人神使，但是在席琳墮落以後，女神躲入了自己創造的「死亡」裡，他身負準備女神復活的命令而留在地上，獲得新的肉體，並暗中煽動人類和精靈們，引發無數的戰爭，並且使戰死沙場的人們復活成為死亡的士兵。只要是爲了使席琳復活，任何事她都願意做，是席琳忠實的僕人。\0
123	25286	80	97	185000.00000000	-13000.00000000	-5488.00000000	u,被稱為聖火的火花、殷海薩的傳令。為了克服席琳的孩子們製造的危機，出現在初代皇帝「史奈曼」面前的天使。身為降臨在地上的光之領導，率領那芙琳們，為了擊退莉莉絲所指揮的莉莉恩軍團，縱身古代公墓裡，但卻和莉莉絲一起被封印起來。外表看來是個美麗又純潔的少女，是莉莉絲的宿敵。\0
124	25290	78	180	186304.00000000	-43744.00000000	-3193.00000000	u,光之神「殷海薩」為了懲罰巨人「亞爾古斯」的傲慢，收集亞爾古斯的黑暗面而製造出來的巨大眼怪。把亞爾古斯之壁當作根據地，與本體亞爾古斯對立，且操縱著邪惡的眼怪們，並懷著完全除去分身「亞爾古斯之眼」的陰謀，進一步統治世界的野心。\0
125	25293	78	180	134672.00000000	-115600.00000000	-1216.00000000	u,為了守護妖精女王提米妮爾所喜愛的溫泉休養地，而被派來的妖精女王部下。他感嘆自己比女王具有更強的戰鬥力，但卻要擔任守護溫泉的瑣事。因無法忍受無聊的空閒時間，所以開始騷擾路過的旅人，但卻因為調皮搗蛋過火，已到了人類無法承受的程度。\0
126	25296	74	180	158352.00000000	-121088.00000000	-2240.00000000	u,居住在溫泉地帶的雪人首領。非常傲慢而自稱為冰柱大王，不過實際上卻是個膽小鬼。曾經為了證明自己的力量，而衝進火龍巴拉卡斯的巢穴，但是看到巴拉卡斯的睡相後卻害怕的逃走。非常害怕巴拉卡斯，一聽到火龍咆哮的聲音，就會因恐怖和戰慄而暴躁起來。\0
127	25299	80	180	148160.00000000	-73808.00000000	-4919.00000000	u,是司令官泰爾的左右手，受到很多肯特拉獸人尊敬的獸人勇士。揮舞著被稱為毀滅者的巨斧，奪走無數賽勒諾斯們性命的恐怖元兇。比起肯特拉司令官泰爾，他是賽勒諾斯們更畏懼的對手。\0
128	25302	80	180	145504.00000000	-81664.00000000	-6016.00000000	u,長久以來領導肯特拉獸人的司令官。毫無慈悲之心而且非常魯莽，是個喜歡賭博的賭徒。比起精密的謀略作戰，更善於在最前線直接率領部下們衝鋒陷陣，是忠於本能的猛將。與巴瑞卡的摩斯勝負是「一勝一負」。\0
129	25305	80	180	145008.00000000	-84992.00000000	-6240.00000000	u,接受火之魂靈「那斯特倫」的力量，將自己的身體獸化的肯特拉獸人勇猛族長。只靠強烈的力量和殘酷領導著肯特拉一族。在戰鬥中他卻覺得部下們礙手礙腳，而喜歡獨自擊倒敵人。和巴瑞卡族長「荷魯斯」戰鬥過幾次，但是都沒有獲得勝利。\0
130	25306	80	180	142368.00000000	-82512.00000000	-6487.00000000	u,肯特拉獸人的魂靈引導者「亞瑟法」所召喚出的火之魂靈。殘忍而具有強烈的暴力傾向，是個想要燃燒周圍所有事物的精靈。曾賦予肯特拉族長「布拉齊」野獸的力量，是亞瑟法咒術的力量泉源。\0
131	25309	80	180	115552.00000000	-39200.00000000	-2480.00000000	u,巴瑞卡的大賢者，又被稱為「巴瑞卡的希望」的咒術士。他曾預言巴瑞卡賽勒諾斯的未來在高達特領土上，並說服族長荷魯斯把賽勒諾斯帶進高特達領土。為了幫助幫助司令官摩斯對抗勇猛的肯特拉獸人，他拖著垂老的軀體親自前往前線。\0
132	25312	80	180	109216.00000000	-36160.00000000	-938.00000000	u,指揮巴瑞卡賽勒諾斯，與肯特拉獸人展開永無止盡戰爭的司令官。在巴瑞卡賽勒諾斯們無數的戰鬥背後，藉著周詳的計畫和準備而獲得勝利的智將。因泰爾難以預料的莽撞戰術而陷入苦戰中。\0
133	25315	80	180	105584.00000000	-43024.00000000	-1728.00000000	u,強悍的傭兵民族「巴瑞卡賽勒諾斯」的年輕族長。受到摩斯和夏帝斯輔佐，率領著巴瑞卡一族。他是一對一決鬥絕對不會輸給任何人的優秀劍士。\0
134	25316	80	180	105452.00000000	-36775.00000000	-1050.00000000	u,巴瑞卡賽勒諾斯的魂靈引導者「烏丹 瑪雷杜伊」所召喚出來的水之魂靈。善變卻又具有溫和個性的水之魂靈。同時也是賦予魂靈引導者魔力的泉源。\0
135	25319	80	180	184542.00000000	-106330.00000000	-6304.00000000	u,巴拉卡斯的獵狗。巴拉卡斯為了懲罰那些趁自己睡眠的時候，擅自闖進自己的領土或欺負自己部下的敵人們，巴拉卡斯按照自己的形象，用熔岩捏造而成的怪物。\0
136	25322	66	200	93296.00000000	-75104.00000000	-1824.00000000	u,惡魔帝雷歐的崇拜者們，為了奪取殷海薩的聖物「輝煌的聖杯」而被派遣的艾爾摩貴族。生前是個傑出的騎士，但是卻陷入永生和權力的誘惑，而將自己的靈魂賣給惡魔帝雷歐，化身成為吸血鬼。\0
137	25325	70	200	91008.00000000	-85904.00000000	-2736.00000000	u,為了守護光之神殷海薩的聖物「輝煌的聖杯」而下凡的大天使。表面上並不顯眼，但卻持續監視著艾爾摩王國境內惡魔們的一舉一動。\0
138	25328	71	200	59331.00000000	-42403.00000000	-3003.00000000	u,因叛亂之罪而遭到滅門的「潘 哈曼」家族的長子。他是位很優秀的戰士，不過在他一展長才之前，家族卻慘遭屠殺。死後透過惡魔的契約復活成為吸血鬼的他，懷著復仇的心，現在仍舊於亡者的森林中遊蕩著。\0
140	25339	81	180	175610.00000000	-72453.00000000	-71.00000000	u,皇子芙琳泰沙為了獲得永生而與哈里夏訂下契約時，被出賣的四名守護騎士之一。身負守護皇子安全的重任，並為皇子盡心盡力，然而卻因皇子的愚昧而被犧牲。生前美麗動人且實力傑出，又因火爆的個性，曾被稱為暴炎女武神「亞雷提雅」。\0
141	25342	81	180	175610.00000000	-72453.00000000	-71.00000000	u,皇子芙琳泰沙為了獲得永生而與哈里夏訂下契約時，被出賣的四名守護騎士之一。身負守護皇子安全的重任，並為皇子盡心盡力，然而卻因皇子的愚昧而被犧牲。生前美麗動人且實力傑出，又因深謀遠慮的個性，曾被稱為智慧女武神「帝夏思」。\0
142	25346	81	180	175610.00000000	-72453.00000000	-71.00000000	u,皇子芙琳泰沙為了獲得永生而與哈里夏訂下契約時，被出賣的四名守護騎士之一。身負守護皇子安全的重任，並為皇子盡心盡力，然而卻因皇子的愚昧而被犧牲。生前美麗動人且實力傑出，又因北風般冷酷無情的個性，曾被稱為風雪女武神「梅卡拉」。\0
143	25349	81	180	175610.00000000	-72453.00000000	-71.00000000	u,皇子芙琳泰沙為了獲得永生而與哈里夏訂下契約時，被出賣的四名守護騎士之一。身負守護皇子安全的重任，並為皇子盡心盡力，然而卻因皇子的愚昧而被犧牲。生前美麗動人且實力傑出，又因出身於象牙塔，曾被稱為象牙塔女武神「莫利格爾」。\0
144	25352	30	30	-16912.00000000	174912.00000000	-3264.00000000	u,因為污染荒原的黑魔法之力而產生突變、獲得高度智能的邪惡蜥蜴。比其他邪惡蜥蜴更加強大，並且使用那股力量令弱者屈服，然後納爲自己的部下。他很憎惡住在周圍的其他種族。因為那份憎惡，而把所有見到的生命體趕盡殺絕。\0
145	25354	35	30	-16096.00000000	184288.00000000	-3817.00000000	u,荒原翼魔們的首領。競爭心很強，並且反抗古代翼魔們的統治。他說與其等待不知何時復活的女神，倒不如現在用自己的力量來為翼魔們建造王國。\0
146	25357	21	30	-3456.00000000	112864.00000000	-3456.00000000	u,居住在古魯丁山地的鼠人族族長。雇用食人妖傭兵們，搶劫來往古魯丁城的旅人們。為了制止搶劫，古魯丁領主甚至發出懸賞金，但是他們躲在丘陵地帶裡擺脫追捕者的追擊，繼續搶劫來往的人們。\0
147	25360	26	1	29216.00000000	179280.00000000	-3624.00000000	u,擁有虎斑條紋的凶狠蜜蜂。身為胡蜂首領，佔據著巢穴。為尋找最甜的蜂蜜而率領著部下橫行古魯丁領土的暴君。\0
148	25362	23	30	-55920.00000000	186768.00000000	-3336.00000000	u,因為擊敗討伐蜥蜴人的傭兵部隊而聞名的蜥蜴人戰士。經常追蹤敵人所留下來的痕跡，趁著敵人在休息時襲擊而獲得勝利，也因此得到了追擊者的稱號。\0
149	25365	26	30	-62000.00000000	190256.00000000	-3687.00000000	u,預言自己將會成為偉大的蜥蜴人征服者，並且向世人顯示自己面貌的教主。以強壯的體格為傲，否定受到死靈「畢佛隆」支配的蜥蜴人信仰，高喊只有透過自己才能成為征服者，追隨者人數正逐日增加。\0
150	25366	23	30	-62368.00000000	179440.00000000	-3594.00000000	u,最近在古魯丁南部蜥蜴人之間傳道的新興宗教祭司。身為侍奉教主庫勒保洛斯的狂信者，相信總有一天教主能帶領蜥蜴人成為榮耀的征服者。帯領著少數的信徒和弟子們，傳播庫勒保洛斯的榮耀。\0
151	25369	25	30	-45616.00000000	111024.00000000	-3808.00000000	u,在悲哀廢墟中遊蕩的幽靈。是巴列斯的追隨者在戰爭裡用黑魔法捕捉枉死居民的靈魂製作而成。遊蕩在廢墟裡，奪取粗心冒險者們的靈魂。\0
152	25372	20	30	-111092.00000000	232173.00000000	-3448.00000000	u,昔日為了守護美麗的精靈廢墟而被製造出來的石之守護者。雖然是為了守護巨大建築而製造出來的守護者，但是因為精靈們拋棄說話之島，他的能力也因無法發揮而終被遺棄。現在因為沒有守護的對象，而在廢墟內遊蕩，處決入侵的冒險家和盜賊。\0
153	25373	21	67	9649.00000000	77467.00000000	-3808.00000000	u,精靈和黑暗精靈之戰時被召喚出來的惡魔。身為惡魔達高尼爾的手下，被黑暗精靈召喚，殺害了無數的精靈戰士。惡魔達高尼爾從召喚自己的黑暗精靈手中逃脫後，他也跟著一起被解放。現在身為達高尼爾的副官而獨自行動。\0
154	25375	20	67	22500.00000000	80300.00000000	-2772.00000000	u,黑暗精靈們為了扭轉戰況而製造出來的不死戰士。精靈和黑暗精靈戰爭的初期，處於弱勢的黑暗精靈，為了測試新獲得的黑魔法之力，而使被擊倒的戰士們重新站了起來。法拉克蘇斯是當時站起來的不死戰士之一，是個在戰爭期間殺害無數同族精靈的怪物。曾經是勇敢精靈騎士的他，現在只是渴望吸取活人之血的怪物罷了。\0
155	25378	20	67	-54096.00000000	84288.00000000	-3512.00000000	u,黑暗精靈以黑魔法創造出來的怪獸。黑魔法學院的魔法師研究擅長對精神攻擊的怪獸們後，製造出來會引起狂亂的怪獸。表面上看起並無特異之處，但卻能進行強烈的精神攻擊。擁有高度智能，甚至能控制其他野獸。\0
156	25380	21	67	-47367.00000000	51548.00000000	-5904.00000000	u,是屍妖之王伊克魯斯的弟子兼傳令的魅魔。從屍妖之王伊克魯斯還獨自擁有哈汀學院的時候起，到現在仍在侍奉著伊克魯斯。從屍妖之王那裡學到了使喚蝙蝠的方法和黑魔法，是個對伊克魯斯忠心耿耿的奴隸。\0
157	25383	34	1	51632.00000000	153920.00000000	-3552.00000000	u,在狄恩農民叛亂時，站在農民那一邊，拒絕了亞席頓公爵殘酷的處決命令，卻遭到處死的勇敢騎士。他制裁了屠殺農民叛亂份子與他家人的齊奧汀，但卻因這個罪名讓他受到酷刑。因為對亞席頓的不義感到憤怒，成為亡靈。\0
158	25385	36	1	53600.00000000	143472.00000000	-3872.00000000	u,在刑場附近，吸取亡靈怨恨與血的惡魔。在刑場颳起憎恨和怨恨的風暴，而他就在那中心操縱其他的亡靈們。也有傳聞說，亞席頓過度的征討和處刑的原因，就是因為司令坦佛斯特的緣故。\0
159	25388	35	1	40128.00000000	101920.00000000	-1241.00000000	u,由豺狼族組成的強力傭兵隊「赤眼」的隊長。和其他豺狼一樣，是格勒西亞進攻亞丁時被派遣來的部隊。然而在戰敗時被高層捨棄而無法回到自己的國家。他宣稱那些遺棄部隊而逃走的格勒西亞軍隊是膽小鬼，並留在戰爭中所佔領的狄恩領土，專門進行搶劫和破壞的勾當。沉醉在只有靠「赤眼」才能在戰爭中獲勝的妄想中。\0
160	25391	33	1	45600.00000000	120592.00000000	-2455.00000000	u,血腥君主「奴爾卡」為了和國王高層交流而派遣的使者。身為勇猛的豺狼戰士，身負祕密任務，在前往亞丁的路上。\0
161	25392	32	1	29928.00000000	107160.00000000	-3708.00000000	u,侍奉沼澤司塔卡拓女王「潔魯娜」的親衛隊長。是沼澤司塔卡拓之內擁有最強力量的勇士，領導著由司塔卡拓貴族組成的親衛隊。他的殘忍程度並不亞於潔魯娜，也因執行女王的命令，殺害了無數的同族。\0
162	25394	38	121	129025.00000000	219237.00000000	-3678.00000000	u,自稱為至高無上之人「普雷姆 普萊」，來歷不明的怪物，也有人說是巨人們實驗的產物，但是包括他自己，沒有人知道他的起源為何。擁有兩個頭，而兩個頭各自自稱為是普雷姆和普萊。實際上他的智能很低。\0
163	25395	45	1	15000.00000000	119000.00000000	-11900.00000000	u,巨人們為了防衛克魯瑪高塔而製造的綜合管理型人工智慧體。指揮著克魯瑪高塔中眾多高等基座，建構攻擊入侵者的系統。\0
164	25398	35	1	5000.00000000	189000.00000000	-3728.00000000	u,巴列斯之亂時，身為惡魔巴列斯間諜的眼怪之一。從巴列斯被封印以來，負責將情報提供給巴列斯的追隨者們。\0
165	25401	32	16	117808.00000000	102880.00000000	-3600.00000000	u,追隨安塔瑞斯的辛達蜥蜴人首領。辛達蜥蜴人主張自己是繼承地龍之血的勇士一族。率領著蜥蜴人手下，攻擊敵對安塔瑞斯的人。\0
166	25404	33	16	35992.00000000	191312.00000000	-3104.00000000	u,身為與海賊王「札肯」一起縱橫奇岩南部海域的海賊，自稱是札肯唯一的敵手。聽到札肯失蹤的消息以後，他貪圖札肯的寶物，闖進了札肯的根據地，但卻失去了所有的部下，而自己也變成不死生物歸來。懷著總有一天要向札肯報仇的怨恨。\0
167	25407	60	16	115072.00000000	112272.00000000	-3018.00000000	u,在艾爾摩亞丁帝國時期，率領地龍討伐隊遠征安塔瑞斯的貴族。因為身為指揮官卻又昏庸無能，使得大部分遠征隊遭到死亡的命運，而且自己也犧牲在地龍的爪下。安塔瑞斯為了嘲笑他的愚蠢，而使倒下的「義西卡」復活，並賦予他守護龍之谷的任務。\0
168	25410	40	16	72192.00000000	125424.00000000	-3657.00000000	u,佔據死亡迴廊，威脅奇岩領土的山賊團「食腐王」的首領。天生膽小的食腐王們，他們的首領也一樣，專門襲擊連自己都無法保護的老弱婦孺或沒有自衛能力的商隊。\0
170	25415	40	16	128352.00000000	138464.00000000	-3467.00000000	u,率領著「哥肯的花園」的亞龍們，與曾經佔領此地的「哥肯」們戰鬥的亞龍首領。個性古怪且佔有慾強，將對戰爭不感興趣的亞龍一併捲入與哥肯的戰爭。憎惡著哥肯的首領「史坦諾亞」。\0
171	25418	44	67	62416.00000000	8096.00000000	-3376.00000000	u,因奧爾芬失去所愛之人後，一心想報仇的不死騎士。由於年輕時熱愛冒險的心，和情人一起加入了孢子之海遠征隊，卻因捲入奧爾芬的陰謀而失去了情人，只剩下自己。為了替情人報仇，得到了不死之身後，穿梭在孢子之海內尋找著奧爾芬。\0
172	25420	48	67	42032.00000000	24128.00000000	-4704.00000000	u,追隨瑞克妮奧爾芬的瑞芭。他和其他住在孢子之海的怪物不一樣，擁有卓越的智力，關於魔法方面的知識也相當淵博。他按著奧爾芬的命令，尋找著會阻止孢子擴張的象牙塔結界之缺口。\0
173	25423	61	97	113600.00000000	47120.00000000	-4640.00000000	u,幾千年來，統治著妖精谷所有妖精的女王。個性善變且古怪。因為席琳的封印逐漸變弱而感到不安。\0
174	25426	25	138	-18048.00000000	-101264.00000000	-2112.00000000	u,瑪剌庫狼人們的族長。曾經和烏魯吐半獸人結盟，並且和平共存，但是後來卻趁著烏魯圖半獸人衰弱的時候，襲擊了他們，使他們受到很大的打擊。現在正虎視眈眈著半獸人的故鄉「不滅高原」，和麾下的狼人們一起攻擊著半獸人。\0
175	25429	25	138	172064.00000000	-214752.00000000	-3565.00000000	u,財富的商人們要收回積欠的貨款時，塔羅斯就會出現並開始催討。古代的財富商人們與住過地獄的下級惡魔簽下契約，只聽從財富的商人的請託。只有矮人公會的元老們知道他的存在。\0
176	25431	44	67	79648.00000000	18320.00000000	-5232.00000000	u,古代象牙塔的魔法師，在研究操縱炎之精靈的火焰石裡所含的「火焰的祕密」時，在研究過程創造的副產品。被當做是失敗品而丟棄的它，竟然甦醒後在象牙塔的附近流浪，解放許多炎之精靈，成為魔法師們傷透腦筋的對象。\0
177	25434	55	97	104096.00000000	-16896.00000000	-1803.00000000	u,為了爭奪山賊城寨，正在和其他山賊團首領競爭的奧耶豺狼戰士。自己雖然無法直接使用咒術，但是有關魔法和咒術方面的知識卻相當淵博，而且把傑出的咒術師當作自己的部下。雖是奧耶豺狼，但是非常慎重而且也非常小心。\0
178	25437	45	67	67296.00000000	64128.00000000	-3723.00000000	u,領導提瑪克獸人戰士，野心勃勃的英雄。和采爾圖巴或拉葛斯不一樣，他只是個只知道戰鬥的戰士。雖擁有強韌的力量，但他是個除了用斧頭破壞，對其他事情都缺乏興趣的戰士。在不能理解「采爾圖巴的理想」或「拉葛斯的智慧」的半獸人們之中，得到相當多的支持。 \0
179	25438	44	97	107000.00000000	92000.00000000	-2272.00000000	u,入侵獵人村莊的公會，偷走了公會的象徵「傳說的弓」而聞名的鼠人盜賊。和其他鼠人們不同，是個膽大心細，會利用周詳計畫擺脫獵人們追捕的實力派高手。在鼠人之間是個傳奇般的盜賊。\0
180	25441	45	97	111440.00000000	82912.00000000	-2912.00000000	u,席琳的孩子之中，繼承每條龍堅強血統的魔物。諸神的戰爭終結後，帝國的勢力興起的期間，在地底下安靜地沉睡著，不過隨著混沌的時代興起而甦醒，並且用恐怖的方式統治整個獵人之谷的魔物。是獵人公會最頭疼的角色之一。\0
181	25444	65	97	116430.00000000	17847.00000000	-4384.00000000	u,奉皇帝巴溫之命，建設傲慢之塔的總負責人。因為塔的施工進度一直延遲，於是被皇帝處了死刑。含冤而死的他，因傲慢之塔崩潰而失控的生命能源讓他復活了起來。對巴溫懷恨在心，在傲慢之塔的周圍為了報仇而遊蕩著。\0
182	25447	71	97	113230.00000000	17847.00000000	-1424.00000000	u,曾在皇帝身旁輔佐的魔法師。奉皇帝之命探究永生的祕密，因而進行傲慢之塔的建設。後來因殷海薩的憤怒而被天使們殺死。但是已查出祕密的她，在天使撤退後又復活過來；現在正為著巴溫的復活而奔波忙碌。\0
183	25450	79	97	113230.00000000	14647.00000000	9559.00000000	u,天使首領，率領著懲罰之火「斯萊爾」與許多天使守護傲慢之塔與巴溫。是光之神殷海薩的直屬智天使。\0
184	25453	70	97	156704.00000000	-6096.00000000	-4185.00000000	u,住在「燃燒的沼澤」的巨大飛龍。在燃燒的沼澤中，是飛龍與熔岩亞龍的首領，主張燃燒的沼澤全部都是飛龍們的領土。對於入侵沼澤的惡魔們相當不滿。\0
185	25456	49	97	133632.00000000	87072.00000000	-3623.00000000	u,會奪走人們靈魂的惡魔鏡子。地獄的君主們為了收集靈魂獻給格蘭肯而製作出來的邪器。隱藏在鏡之森林的深處，許多旅人的靈魂都被這鏡子奪走了。\0
186	25460	51	97	150304.00000000	67776.00000000	-3688.00000000	u,歐瑞著名騎士，為了消滅鏡之森林中的怪獸們不惜挺身而出。但遠征隊失敗後，自己被忘卻的鏡子奪走靈魂。現在已經忘掉過去，成為亡者在森林裡遊蕩著。\0
187	25463	56	97	166288.00000000	68096.00000000	-3264.00000000	u,被稱為哈里特蜥蜴人守護者－昂赫猛虎王的兒子。經過許多世代，一直守護著昂赫瀑布的哈里特蜥蜴人，為了報答他們的功勞，將他的兒子「格朗奇」封為蜥蜴人的守護者。\0
190	25473	52	97	175712.00000000	29856.00000000	-3776.00000000	u,按照大軍長阿拉克的亞丁城攻擊計畫，入侵國立墓地的獸人戰士。因和入侵國立墓地的怪物們戰鬥，在補給方面有困難，為了克服這點於是開始盜墓，因此又被稱為盜墓者基隱。\0
191	25475	55	97	183568.00000000	24560.00000000	-3184.00000000	u,很久以前和艾爾摩王國戰爭時，獲得很多勝利而戰死的騎士。趁著國内混亂而管理疏忽時，因入侵墓地的怪獸與惡魔的騷擾，靈魂無法獲得安息而甦醒。攻擊著吵醒自己的惡魔以及墓地內的所有生命體。\0
192	25478	65	97	168288.00000000	28368.00000000	-3632.00000000	u,跟隨女王提米斯的帕力巴提祭司。侍奉女神席琳，並說女王是降臨於地上的「席琳碎片」其中之一。等待著完全解開席琳封印的那一天，並繼續進行獻祭女神封印的儀式，榨取純潔而無辜之人的血。\0
193	25481	53	16	53517.00000000	205413.00000000	-3728.00000000	u,曾經輔佐海賊王「札肯」的黑魔法師。故意說出長生不老的祕密隱藏在克魯瑪高塔的話，使札肯到克魯瑪高塔旅行。最後被受他欺騙的札肯詛咒而被殺死成為亡靈。有人說他是因為黑魔法的反噬作用而死。本來是巴列斯的追隨者，也曾是惡魔「庫里圖司」的手下。\0
194	25484	50	16	43160.00000000	220463.00000000	-3680.00000000	u,海賊王札肯的手下。當札肯告訴他寶藏地點後，他便主謀煽動船員引起叛亂。札肯以不死之身復活後，第一個殺的就是他，然後立刻復活過來，接下了殺死惡魔島入侵者的任務。\0
197	25493	55	121	83174.00000000	254428.00000000	-10873.00000000	u,若稱米列奴是守護水中庭園的守護者，此精靈便可稱作是水中庭園的管理者。負責準備女神來此休息時，將内部環境維持乾淨且舒適的任務。\0
198	25496	52	121	88300.00000000	258000.00000000	-10200.00000000	u,水龍法利昂為了轉達自己的委屈而派去見女神「伊娃」的使者。女神伊娃不再來訪水中庭園之後，就失去了本來的目的，而留在庭園內指揮著入侵的司塔卡拓們。\0
199	25498	45	121	126624.00000000	174448.00000000	-3056.00000000	u,侍奉水龍法利昂的可羅津咒術士。負責輔助族長「賽貝克」，並將法利昂的命令傳達給可羅津部族。使用咒術操縱鱷魚島鱷魚們。\0
200	25501	30	138	48575.00000000	-106191.00000000	-1568.00000000	u,以掠奪聞名，在鼠人族裡被認定為傑出人物的鼠人，將南方交給蘇卡鼠人們管理後，自己卻率領手下們為開墾北部地方而來。不像一般的鼠人，是個具有開拓精神的優秀人物。原本貪圖著半獸人族長墓地的陪葬品，但因突然甦醒的半獸人冤魂而無法達成心願，只好守著路過的旅行者們，等待下手的機會。\0
201	25504	39	138	123000.00000000	-141000.00000000	-1100.00000000	u,雖然是人類，但是卻像矮人一樣，對機器非常有興趣的魔法師。聽到有關下巨人時代製造的空中列車遺跡的傳聞後，堅信將矮人的技術與自己的魔法力融合就可以使飛行天空的列車重現。結果卻無法如願而死去，他的執念變成了幽靈，逗留於此處。\0
202	25506	37	138	127900.00000000	-160600.00000000	-1100.00000000	u,是掠奪往來於矮人村莊與修加特城鎮的冒險家的元凶。將北部的哥布林勢力集聚後，形成巨大的山賊團並成為集團首領。不小心犯下搶劫修加特城貢品的重罪，聽到修加特領主募集山賊征討團的傳聞後，以山寨作為隱身處躲了起來。\0
204	25703	76	138	92740.00000000	-111097.00000000	-3504.00000000	u,自稱為邪惡帝王的瘋狂科學家「卡歐斯博士」，利用在帕比爾遺跡的星石，建造出具有強大威力的巨神高崙。卡歐斯博士曾在黑色鐵砧公會擔任高崙巨匠的時期，因偷取元老長的設計圖而被驅逐，發誓要對黑色鐵砧公會報仇後，率領自己所製造的恐怖高崙軍團佔領帕比爾遺跡。一見到外人就認為是黑色鐵砧公會派來追捕自己的傭兵，會不分青紅皂白而盲目攻擊。聽說他的最終目標是「征服世界」。\0
205	29060	59	138	106000.00000000	-128000.00000000	-3000.00000000	u,暗地裡愛慕著冰雪女王「芙蕾雅」而忠心耿耿的親衛隊長。因芙蕾雅的性格驟變而感到惋惜。在某一天他知道了所有真相，但卻被芙蕾雅變成了翼魔。他是知道有關王女梅麗莎與寒冬迷宮真相的少數人之一，現在卻成為凶惡的魔物，處決打擾芙蕾雅的不速之客。\0
207	29096	80	200	113000.00000000	-76000.00000000	200.00000000	u,雖具有人類的外觀，但卻是個能與殷海薩直接交感，並且擔任守護「輝煌的聖杯」的高階天使。根據在傲慢之塔所發現的古代宗教文獻，指出聖杯可能隱藏在沉默修道院某處之後，邪教神殿的賊黨們屢次試圖盜取聖杯，但誰也無法躲過輝煌支配者的審判。\0
208	29062	80	200	-35765.00000000	-50351.00000000	1704.00000000	u,是供奉帝雷歐的魯因貴族，偶爾會到神殿主持血之儀式。雖有傳聞說她是魯因貴族，但她的廬山真面目卻無從得知。\0
209	25523	73	180	170000.00000000	-60000.00000000	-3500.00000000	u,在巨人與諸神的戰爭之前，是追隨「亞爾古斯」的高崙。亞爾古斯被殷海薩困於懸崖之後，依然隨著亞爾古斯而留在此處。因漫長的歲月留在峽谷的緣故，現在已退化到不知自己為何有下巨人時代高崙的外型，也不記得自己為何留在此處。是在亞爾古斯之壁內，唯一令「百眼的惡魔」也無可奈何的生命體。\0
210	25524	76	97	144600.00000000	-5500.00000000	-4100.00000000	u,在哈汀的魔法實驗中被創造的人工生物。雖外型像是全身噴出岩漿的怪物，但之前卻視哈汀為父而聽命於哈汀。自從哈汀離開燃燒的沼澤後，認為自己被遺棄而發狂。亞斯特爾國王侵攻亞丁王國時，被困在沼澤內的艾爾摩士兵之中，有目擊者說曾看到被岩漿所覆蓋的巨人。\0
211	29056	60	138	102800.00000000	-126000.00000000	-2500.00000000	u,自從王女梅麗莎變成芙蕾雅之後，出現在芙蕾雅身邊的冰雪妖精，在實務上代替芙蕾雅掌管寒冬迷宮的所有事務。曇花騎士團消失之後，正注視著吉妮亞公會的動態。\0
212	29054	75	200	11882.00000000	-49216.00000000	-3008.00000000	a,
218	25527	80	200	3776.00000000	-6768.00000000	-32.00000000	u,耶爾可羅族長莫西卡的弟弟，是以性格殘暴而聞名的野心家，現在是密謀驅逐族長的反對勢力首長。傳聞他與哥哥反目，是因為哥哥從小樣樣都比他傑出，對他哥哥的自卑感所引起的。\0
219	29065	80	200	26528.00000000	-8244.00000000	-20.00000000	u,棲息於原始之島的巨大恐龍。當席琳將原始生物遷移到原始之島管理的當時，賽爾蘭被評為最殘暴的恐龍。據說被席琳與古代耶爾可羅戰士們封印在失落的巢穴裡。\0
220	29095	80	180	147408.00000000	-43552.00000000	-23.00000000	u,曾徘徊在高達特城鎮的騎士。外表雖看似人類，但其實是個惡魔。為了尋找能增強自己力量的某種東西而出現在世上。為了得到在世上被稱為「最強」的武器...（此為移動型怪物，因此無法得知所在位置。）\0
221	25528	22	30	-110952.00000000	87174.00000000	-129.00000000	u,諾爾妮庭園的最後一個首領，目前正守護著聖母諾爾妮所在的大空洞入口。\0
222	25531	81	121	152760.00000000	145944.00000000	-126.00000000	u,愛慕著基亞齊的冷酷顧問，一手包辦巴列斯所交代的所有邪惡事情，是個殘酷的女人。當她知道基亞齊覬覦著惡魔看守長的職務後，變得更加凶惡。\0
223	25532	82	121	154076.00000000	149532.00000000	-120.00000000	u,寶石居所的惡魔看守者排行第二，若非巴爾勒被巴列斯選為看守長，可能就會是寶石居所的惡魔看守長；因未被巴列斯任命而妒恨巴爾勒。\0
224	25534	83	121	144304.00000000	154416.00000000	-118.00000000	u,原是聽命於法利昂去服侍帕爾米的侍女，但因巴列斯所播種的惡魔種子，其意識已處於遭控制的狀態。\0
225	25536	83	30	-19071.00000000	242350.00000000	-33.00000000	u,地獄邊界的古代祭司長靈魂。與神交感的高尚靈魂已消失無蹤，只留下對巴列斯的憎恨。\0
226	25539	81	30	-17475.00000000	253163.00000000	-34.00000000	u,在自然靈為數眾多的古代，流浪於地獄邊界的風。因地獄邊界的異常現象，長期下來受到來自異界的惡靈影響，它也產生了自己的意志。\0
227	25540	83	30	-22144.00000000	278744.00000000	-82.00000000	u,聽命於達里昂，守護空間之塔的惡魔首長；在魔界屬於貴族的高等級惡魔。\0
228	25542	83	30	-19056.00000000	278732.00000000	-150.00000000	u,因巴列斯的契約而與達里昂同時被喚出的惡魔。聽說契約的內容與巴列斯的大陸侵略有關...\0
229	25544	83	30	-12557.00000000	273901.00000000	-90.00000000	u,如同巴列斯的右手，在巴列斯身旁製造魔法道具來協助他，也是為巴列斯設計鋼鐵之城的巨匠；但現在也因巴列斯而導致靈魂墮落不堪。\0
230	29099	83	121	155097.00000000	142934.00000000	-127.00000000	u,守護寶石居所的看守長。巴列斯委任他守護寶石居所，他之所以被選中是因為他在惡魔看守者中力量最大又強壯。目前在此島扮演惡魔代表的角色，並監視困在牢中的帕爾米。\0
231	25603	84	30	20886.00000000	244088.00000000	110.00000000	u,從魔界來的魔王手下之一，也是巴列斯為了統治地獄邊界而培養在人間的惡魔。當巴列斯為了魔法實驗而竄逃，他便掌握了權力並將地獄邊界化為惡魔的領土，但巴列斯對此也沒什麼多大的意見。\0
232	25609	82	30	-45474.00000000	247450.00000000	-139.00000000	u,許多被壓制在奈雅之塔地下的地獄邊界的元素精靈，受到巴列斯的魔法和核心奈雅的影響而變質的存在。雖然型態和精神都處於崩潰前夕的不穩定狀態而成為怪物，但依然以自然靈的身分保持著淡泊的意識。\0
236	29118	83	30	16334.00000000	213148.00000000	-93.00000000	u,人類中最為出色的魔法師，也是史上最壞的惡魔。曾經率領惡魔軍團向艾爾摩亞丁挑戰過，但在荒原被象牙塔的魔法師們封印了起來。之後匯集了力量並脫逃成功。而且利用地獄邊界之島觸犯禁忌，居然得到了連神都不知的未知力量。無人能猜出他在想什麼，或想要什麼。\0
244	29129	29	30	-114888.00000000	-189615.00000000	-46.00000000	u,守護深淵迷宮者的首領。扮演著守護欲界的角色，以防入侵欲界的所有敵人。\0
245	29132	39	30	-114888.00000000	-189615.00000000	-46.00000000	u,守護深淵迷宮者的首領。扮演著守護欲界的角色，以防入侵欲界的所有敵人。\0
246	29135	49	30	-114888.00000000	-189615.00000000	-46.00000000	u,守護深淵迷宮者的首領。扮演著守護欲界的角色，以防入侵欲界的所有敵人。\0
247	29138	59	30	-114888.00000000	-189615.00000000	-46.00000000	u,守護深淵迷宮者的首領。扮演著守護欲界的角色，以防入侵欲界的所有敵人。\0
248	29141	69	30	-114888.00000000	-189615.00000000	-46.00000000	u,守護深淵迷宮者的首領。扮演著守護欲界的角色，以防入侵欲界的所有敵人。\0
249	29144	78	30	-114888.00000000	-189615.00000000	-46.00000000	u,守護深淵迷宮者的首領。扮演著守護欲界的角色，以防入侵欲界的所有敵人。\0
250	29147	81	30	-114888.00000000	-189615.00000000	-46.00000000	u,守護深淵迷宮者的首領。扮演著守護欲界的角色，以防入侵欲界的所有敵人。\0
251	25634	81	30	-212418.00000000	202385.00000000	-38.00000000	u,在滅亡之前的格勒西亞，由一個聞名的醫學家轉變的不死怪物，其實他是個精通死靈魔法的黑魔法師。他欺騙了負傷前來的阿爾吉康德之後，將他轉變成了一個永不死亡的護衛兵。在伊卡姆士進行統治時，首先立下了在內部支援的功勞，之後就被認可而統治了侵蝕棺室。\0
252	25635	81	30	-212418.00000000	202385.00000000	-38.00000000	u,在滅亡之前的格勒西亞，由一個惡名昭彰的連續殺人犯轉變的不死怪物。本來是想要威脅克海梅納斯後保全性命，但相反地卻被他狡猾的契約所騙，變成了永不死亡的奴隸。\0
253	25636	81	30	-212418.00000000	202385.00000000	-38.00000000	u,靈魂掠食者從死者採取靈魂之後，會利用那些來製造相當於不滅之種淋巴液的物質，是個不可或缺的存在。經過長時間之後，就會轉變成一個除了食慾之外，毫無思想且無法控制的怪物。他們最喜歡的食物就是死於慘痛且充滿怨恨的靈魂。\0
254	25637	81	30	-212418.00000000	202385.00000000	-38.00000000	u,在滅亡之前的格勒西亞，由一個王室占卜師轉變的不死怪物。生前惡用自己的地位，製造了違背天理的預言，使得整個王國陷入了伊卡姆士和不滅之種的影響之下。\0
255	25638	81	30	-212418.00000000	202385.00000000	-38.00000000	u,在滅亡之前的格勒西亞，由一個位於大祭司職位的人轉變的不死怪物。生前貪圖永生之念，於是主導把在邊境發現的不滅之種搬進首都。之後，自稱為是伊卡姆士的第一祭司。\0
256	25639	81	30	-212418.00000000	202385.00000000	-38.00000000	u,在滅亡之前的格勒西亞，是個傑出的刑吏，同時也是個對被害者施行令人毛骨悚然的審問方法而惡名昭彰的人。但不滅之種對恐懼、苦痛、怨恨等很敏感，於是得以復活為不死生物。\0
257	25640	81	30	-212418.00000000	202385.00000000	-38.00000000	u,在滅亡之前的格勒西亞，陶醉在違背天理的預言之後，針對領導級人物展開了前所未聞的放火和殺戮事件的人。但他的這種精神打動了不滅之種，於是得以復活為不死生物。\0
258	25641	81	30	-212418.00000000	202385.00000000	-38.00000000	u,在滅亡之前的格勒西亞，由一個守衛邊境的武將之一轉變的不死怪物。生前迷信敵人的鮮血中蘊含著力量，因此犧牲了眾多的俘虜，而他的行為讓不滅之種選拔了他。\0
259	25642	81	30	-212418.00000000	202385.00000000	-38.00000000	u,在滅亡之前的格勒西亞，由一個率領最大規模傭兵團的武將轉變的不死怪物。專門執行一些不留情面且冷酷無情的任務，深得墮落貴族們的喜愛，但事實上他們是個崇拜死亡之神的狂信徒團體。\0
260	25643	81	30	-212418.00000000	202385.00000000	-38.00000000	u,在古代格勒西亞，為了守護保管貴族屍體的神聖地方，而以魔法變出來的不死生物。\0
261	25644	81	30	-212418.00000000	202385.00000000	-38.00000000	u,在古代格勒西亞，為了禁止復活戰後的死屍，而以魔法變出來的不死生物。\0
262	25645	81	30	-212418.00000000	202385.00000000	-38.00000000	u,不死怪物的一種，專門吞食曾經活在古代格勒西亞的靈魂。透過伊卡姆士的魔力從深沉的睡眠中甦醒了過來。\0
263	25646	81	30	-212418.00000000	202385.00000000	-38.00000000	u,不死怪物的一種，專門吞食曾經活在古代格勒西亞的靈魂。透過伊卡姆士的魔力從深沉的睡眠中甦醒了過來。\0
264	25647	81	30	-212418.00000000	202385.00000000	-38.00000000	u,古代格勒西亞的遺骨受到不滅之種魔力的影響而覺醒的不死怪物。得到能永久保存遺骨優惠的他們生前都是立下傑出功績的英雄，但死亡時間太久，因此完全消失了自我。\0
265	25648	81	30	-212418.00000000	202385.00000000	-38.00000000	u,古代格勒西亞的遺骨受到不滅之種魔力的影響而覺醒的不死怪物。得到能永久保存遺骨優惠的他們生前都是立下傑出功績的英雄，但死亡時間太久，因此完全消失了自我。\0
266	25649	81	30	-212418.00000000	202385.00000000	-38.00000000	u,古代格勒西亞的遺骨受到不滅之種魔力的影響而覺醒的不死怪物。得到能永久保存遺骨優惠的他們生前都是立下傑出功績的英雄，但死亡時間太久，因此完全消失了自我。\0
267	25650	81	30	-212418.00000000	202385.00000000	-38.00000000	u,古代格勒西亞的遺骨受到不滅之種魔力的影響而覺醒的不死怪物。得到能永久保存遺骨優惠的他們生前都是立下傑出功績的英雄，但死亡時間太久，因此完全消失了自我。\0
268	25651	81	30	-212418.00000000	202385.00000000	-38.00000000	u,古代格勒西亞的遺骨受到不滅之種魔力的影響而覺醒的不死怪物。得到能永久保存遺骨優惠的他們生前都是立下傑出功績的英雄，但死亡時間太久，因此完全消失了自我。\0
269	25652	81	30	-212418.00000000	202385.00000000	-38.00000000	u,古代格勒西亞的遺骨受到不滅之種魔力的影響而覺醒的不死怪物。得到能永久保存遺骨優惠的他們生前都是立下傑出功績的英雄，但死亡時間太久，因此完全消失了自我。\0
270	29150	82	30	-212418.00000000	202385.00000000	-38.00000000	a,
271	29151	82	30	-212418.00000000	202385.00000000	-38.00000000	a,
272	29152	82	30	-212418.00000000	202385.00000000	-38.00000000	a,
273	25623	80	30	-192361.00000000	254528.00000000	15.00000000	u,古代霍之領主。默許了霍被不滅之種佔領之後，作為其代價得到了惡魔的力量。之前早已聽說了當種子出現後霍會遭遇到的下場，因此獲得了支配翱翔天空的靈鳥的力量，而利用那個力量成了主將騎士。\0
274	25624	83	30	-174600.00000000	219711.00000000	44.00000000	u,在格勒西亞生存的鳥中之王，天生脾氣就不是很好，但被風龍 林德拜爾奪取安樂窩--天之島之後，變得更加兇猛。\0
275	25625	80	30	-181989.00000000	208968.00000000	44.00000000	u,與伊卡姆士分開的伊卡德娜為了監視伊卡姆士而派遣的護衛侍從之一。本來她不是個班席女王而是更接近於黑暗法師的人，但長時間與伊卡姆士相處之後，死亡氣息逐漸增加，因而變成了班席女王。\0
276	25626	80	30	-252898.00000000	235845.00000000	53.00000000	u,在破滅之種出現之後同時登場的龍獸。雖屬於闇龍--斯凱魯斯的族人之一，但沒有在侍奉蒂雅特。他負責監視蒂雅特的舉動，並將其結果轉達給斯凱魯斯。\0
277	29163	82	30	-250482.00000000	244034.00000000	-26.00000000	a,
278	25665	82	30	-212418.00000000	202385.00000000	-38.00000000	u,在滅亡之前的格勒西亞，由一對揚名四海的雙胞胎騎士中的哥哥轉變的不死怪物。兩者並存時，將會發揮特別的力量。\0
279	25666	82	30	-212418.00000000	202385.00000000	-38.00000000	u,在滅亡之前的格勒西亞，由一對揚名四海的雙胞胎騎士中的弟弟轉變的不死怪物。兩者並存時，將會發揮特別的力量。\0
286	25667	84	200	89311.00000000	-46534.00000000	-46.00000000	u,司塔卡拓女王 夏伊德為了守護巢穴而任命的食人司塔卡拓首領。他具有超然的能力，可以跨越其他司塔卡拓無法透視的空間。\0
287	25671	84	200	79634.00000000	-55428.00000000	-6104.00000000	u,指揮著釘刺司塔卡拓，而且也是負責繁殖的釘刺司塔卡拓之女王。知道自己的壽命即將耗盡，於是想要整頓巢穴，建立一個更適合下一代司塔卡拓女王生長的環境。\0
288	25674	83	121	86528.00000000	216864.00000000	-3584.00000000	u,由女神席琳所生下的魔物之一。當大精靈吉爾朵的力量變弱時，便率領著旗下的塔沙巴蜥蜴人們定居於平原。但因為瑪可羅津的出現，導致塔沙巴蜥蜴人消失，使得他怒髮衝冠。\0
289	25677	84	121	83056.00000000	183232.00000000	-3616.00000000	u,受到因納得立強力的水之氣而誕生，且得到女神伊娃寵愛的水之精靈。個性為所欲為，而且是個愛搗亂的頑皮鬼，比如說是偷換嬰兒或是半夜引起洪水等，善於調皮搗亂。因黎安素行不良，伊娃擔心會受到報復，於是派遣了守護精靈來保護他。\0
290	25680	82	97	194251.00000000	54297.00000000	-43.00000000	u,象牙塔的魔法師們依照巨人的模樣製造出來的兵器。他相信自己是個巨人。在黑卡特原型的統治下守護著巨人們的要塞洞穴。\0
291	25681	82	97	185920.00000000	61303.00000000	-41.00000000	u,避開殷海薩的憤怒而逃走的巨人們，以眼怪為基礎而改良的生命體，用來擊退諸神的追捕者。曾經擺脫巨人們的操縱，並與巨人們對戰過，但受到黑卡特原型的精神統治後，現在依然在守護著巨人們。\0
292	25684	83	97	187537.00000000	60792.00000000	-50.00000000	u,躲在巨人洞穴深處的最後下巨人。雖然肉體與其他退化的下巨人們沒有兩樣，但是他的腦中含有古代下巨人文明的秘密，並守護著這個秘密。但現在卻受到黑卡特原型的統治。\0
293	25687	83	97	191777.00000000	56197.00000000	-76.00000000	u,古代巨人的文明創造出來的操控裝置。已脫離起初研究的目的，現在盡全力於守護洞穴。控制其他種族的精神後，用來整頓巨人洞穴，並改裝為強悍的守護要塞。\0
294	29177	85	138	102508.00000000	-124519.00000000	-2808.00000000	u,當梅麗莎接受冰雪女王 芙蕾雅之魂後變化而成的樣子。每當呼吸時，就會呼出冰冷的氣息，並使周圍的人群全部化為怪物。\0
295	25725	85	16	148437.00000000	118025.00000000	-3743.00000000	u,據說是怪物們的亡靈被吸附在開啟煉獄之門的人類英雄身上之後而轉變的怪物，但無考證。無論如何，牠現在卻奉席琳之命來到了世間，以安塔瑞斯副官的身分守護著龍之洞窟。牠以傑出的能力和特有的理性與冷靜的性格，得到了對暴君安塔瑞斯輔佐得很周全的評論。\0
296	25726	85	16	145798.00000000	119864.00000000	-3944.00000000	u,席琳派給安塔瑞斯的煉獄怪物。來到世間的貝希莫斯首領，當他的枷鎖被解開的同時，因抵擋不住的瘋狂而殺死了無數的怪物們，結果還將其主人安塔瑞斯的肉塊撕咬了下來。安塔瑞斯對牠狂暴的行為啞然失笑，於是對牠施了守護支撐洞窟結界的安塔瑞斯精髓的詛咒。\0
297	25727	85	16	148482.00000000	117859.00000000	-3752.00000000	u,長時間與黑刃之翼一起輔佐安塔瑞斯的煉獄戰士。在諸神之戰中身受重傷而失去了雙臂，於是就沉睡在煉獄的深處，但最近因接到安塔瑞斯的呼喚而清醒了過來。當猛龍獸返回世間之後，安塔瑞斯就將牠自己的肉塊撕了下來為他補上了雙臂，並讓他守護龍之洞窟。\0
298	25718	84	16	73142.00000000	118361.00000000	-37.00000000	u,本來是個用安塔瑞斯吐出來的血塊創造而成的龍之一，但吞食了遠古神祕飛龍並吸取力量之後，搖身一變就成了號令周圍怪物們的指揮官。聽力雖好，但視力極差，因此具有在暗處傾聽敵人的心跳聲之後奇襲的習性。\0
299	25719	84	16	73142.00000000	118361.00000000	-37.00000000	u,本來是個用安塔瑞斯吐出來的血塊創造而成的龍之一，但吞食了一同誕生的同族之後得到了更大的力量。安塔瑞斯欣賞塵燼騎士先天的殘忍與瘋狂，於是將他任命為峽谷消滅者，並命令他堆建屍體之塔。\0
300	25720	84	16	73142.00000000	118361.00000000	-37.00000000	u,安塔瑞斯為了募集怪物們來守護自己的領域，犧牲了無數的生命。而被這些屍體的氣味所吸引而來到世間的血腥飛蠅，是個吸取憎恨和恐懼之血的煉獄的貴族。自稱為安塔瑞斯的守門人，佔據了輕率的挑戰者們不斷前來的峽谷之一角。\0
301	25721	84	16	73142.00000000	118361.00000000	-37.00000000	u,過去曾被稱為是安塔瑞斯的右翅，並走遍戰場的龍獸戰士。在諸神之戰中，身受重傷而失去了一對翅膀，並墜入了煉獄深處，但最近因接到安塔瑞斯的呼喚而清醒了過來。在諸神之中，尤其是對殷海薩抱有極大的不信任感，並相信只有席琳的黑暗才能為世間帶來平靜。\0
302	25722	84	16	73142.00000000	118361.00000000	-37.00000000	u,本來是闇龍--斯凱魯斯的部下，也是個煉獄的貴族，身居地下深處，但接受安塔瑞斯的呼喚之後來到了世間。他一邊守護著安塔瑞斯巢穴，同時也扮演向斯凱魯斯報告周邊動向的角色。在煉獄的時候，他有一種怪癖，就是喜歡殺害夥伴們後引發爆炸，因此被稱為「地獄的屍體引爆者」。\0
303	25723	84	16	73142.00000000	118361.00000000	-37.00000000	u,惡魔--瑪魯克以他的一個手指為代價從煉獄召喚出來的怪物。瑪魯克在與他的契約中所提出的要求是帶回無盡的獵物。接受此要求的釘刺殺手，從煉獄率領了自己的手下們來到了世間。\0
304	25724	84	16	73142.00000000	118361.00000000	-37.00000000	u,惡魔--瑪魯克將上級惡魔和龍組合後創造出來的怪物，具有惡魔與龍兩者的優點。瑪魯克將這個親手創造的傑出的創造物獻給了安塔瑞斯。安塔瑞斯用自己的血餵食強力炸彈後，任命他為峽谷監視者。\0
305	25710	83	16	-114888.00000000	-189615.00000000	-46.00000000	u,守護著深淵迷宮的守護者之首領。針對所有入侵欲界的敵群，扮演著守護欲界的角色。\0
306	29181	83	16	55312.00000000	219168.00000000	-3223.00000000	a,
